image: gtest1.pgm
resolution: 0.025
origin: [-2.864848899841309, -5.53246545791626, 0]
occupied_thresh: 0.51
free_thresh: 0.49
negate: 0