image: gtest.pgm
resolution: 0.025
origin: [-4.583911705017091, -5.601046371459962, 0]
occupied_thresh: 0.51
free_thresh: 0.49
negate: 0