image: hectormapdating.pgm
resolution: 0.025000
origin: [-5.132500, -12.812499, 0.000000]
negate: 0
occupied_thresh: 0.65
free_thresh: 0.196

