image: N301map524.pgm
resolution: 0.025
origin: [-3.57318515777588, -6.403105545043946, 0]
occupied_thresh: 0.51
free_thresh: 0.49
negate: 0