image: N301map524.pgm
resolution: 0.025
origin: [-4.682856750488282, -5.908678150177003, 0]
occupied_thresh: 0.51
free_thresh: 0.49
negate: 0